23.480671893426916 0.015 0.01 5 15 1 3 125
23.49132320109493 0.015 0.01 5 30 1 2 200
23.747197764772864 0.015 0.01 5 50 1 3 165
24.47552165419677 0.015 0.01 5 70 1 1 90
24.20237939641811 0.015 0.01 5 90 1 2 42.5
23.999298159039427 0.015 0.02 5 15 0 4 357.5
23.598850577924168 0.015 0.02 5 30 1 3 125
23.883072722965153 0.015 0.02 5 45 1 3 110
24.964851078859283 0.015 0.02 5 70 1 1 90
23.57089708838612 0.015 0.02 5 90 1 1 200
23.683859258773737 0.015 0.03 5 10 1 4 185
24.161404592799045 0.015 0.03 5 25 1 4 32.5
23.64395925172721 0.015 0.03 5 45 1 3 345
23.080442468693946 0.015 0.03 5 65 0 2 117.5
24.10221292260394 0.015 0.03 5 90 1.5 1 115
25.055574565238203 0.015 0.04 5 10 0 3 247.5
23.38258535949717 0.015 0.04 5 30 1 2 200
24.528673851309577 0.015 0.04 5 50 1 1 175
24.20727436929883 0.015 0.04 5 60 1 1 90
24.23163275248953 0.015 0.04 5 85 1 1 127.5
24.994735836175096 0.015 0.04 5 100 0 1 45
23.81297803268535 0.015 0.05 5 20 1 3 380
24.553938341967296 0.015 0.05 5 40 1 1 190
24.271629035138176 0.015 0.05 5 60 1 1 55
24.698043065378442 0.015 0.05 5 80 2 2 130
25.143414973455947 0.015 0.05 5 95 0 1 80
23.721811543480726 0.015 0.06 5 15 1 3 305
24.503707451018272 0.015 0.06 5 35 1 3 182.5
23.53045360832766 0.015 0.06 5 55 1 1 112.5
24.649485254267347 0.015 0.06 5 75 1 1 70
25.847775702633953 0.015 0.06 5 95 1 1 185
24.258543232703232 0.015 0.07 5 15 1 4 255
24.387285557535506 0.015 0.07 5 30 1 3 240
24.76672814838821 0.015 0.07 5 50 1 2 180
25.4531622680297 0.015 0.07 5 70 2 1 140
25.627087665569093 0.015 0.07 5 90 1 1 60
24.088360801630188 0.015 0.08 5 10 0 3.5 230
25.26528842429252 0.015 0.08 5 30 0 3 110
24.971055611793417 0.015 0.08 5 45 1 2 85
24.181885851205152 0.015 0.08 5 65 1 1.5 170
25.26084010617342 0.015 0.08 5 80 1.5 1 15
24.968228245249065 0.015 0.08 5 100 2 1 65
23.893115440416295 0.015 0.09 5 20 1 5 360
24.34423321880604 0.015 0.09 5 40 1 1 60
24.204148623008223 0.015 0.09 5 60 1 1 120
24.07876840588142 0.015 0.09 5 80 1 1 65
24.97411368551002 0.015 0.09 5 100 2 1 40
23.77252935618162 0.015 0.1 5 15 1 3 0
24.67091890775191 0.015 0.1 5 35 1 2 170
24.77889065565978 0.015 0.1 5 55 2 1 195
25.989063244678505 0.015 0.1 5 75 1 1 67.5
26.492838420381077 0.015 0.1 5 95 1 1 70
24.34765222862916 0.015 0.11 5 15 0.5 5.5 287.5
23.972282367700245 0.015 0.11 5 35 1 3 120
25.555966871004784 0.015 0.11 5 50 1 1 30
25.455997410412238 0.015 0.11 5 70 2 1 35
24.33208226544957 0.015 0.11 5 90 1 1 160
24.476254040104322 0.015 0.12 5 10 1 2 120
25.453579386239653 0.015 0.12 5 30 1 3 50
24.012299177753448 0.015 0.12 5 50 1 1 182.5
24.107900419914586 0.015 0.12 5 70 1 1 70
25.090031693216588 0.015 0.12 5 90 1 1 60
24.387556161604152 0.015 0.13 5 5 1 3 275
24.888805580521563 0.015 0.13 5 25 1 1 147.5
23.99853496508149 0.015 0.13 5 45 1 1 60
25.097146966290893 0.015 0.13 5 65 1 1 75
24.438135020114714 0.015 0.13 5 85 2 1 100
24.254784005592228 0.015 0.14 5 5 1 4 142.5
24.669861650480016 0.015 0.14 5 25 1 1 197.5
24.087837836064864 0.015 0.14 5 45 1 2 292.5
24.482766563785844 0.015 0.14 5 65 2 1 95
25.388384360494456 0.015 0.14 5 85 1 1 50
25.701708687614882 0.015 0.14 5 100 2 1 80
23.84338389383629 0.015 0.15 5 20 1 4 320
24.977992320746125 0.015 0.15 5 40 1 1 165
24.0743565493176 0.015 0.15 5 60 2 1 150
24.598630512071395 0.015 0.15 5 80 1 1 50
26.72480521899979 0.015 0.15 5 100 2 1 60
24.383590439647378 0.015 0.16 5 15 1 1 160
22.82363642269047 0.015 0.16 5 35 1 1 85
23.9157003994261 0.015 0.16 5 55 1 1 97.5
25.83569169916882 0.015 0.16 5 75 1 1 180
26.339947035813907 0.015 0.16 5 95 2 1 47.5
24.238106747623533 0.015 0.17 5 15 0.5 4 372.5
24.924712384483428 0.015 0.17 5 35 1 1 125
24.65008795271922 0.015 0.17 5 55 1 1 180
25.337708002452928 0.015 0.17 5 70 1 1 60
26.17842994324883 0.015 0.17 5 90 2 1 80
24.180914151016623 0.015 0.18 5 10 0 4 295
24.585094710986596 0.015 0.18 5 30 1 3 120
24.82639786403979 0.015 0.18 5 50 1 1 60
25.704892357869113 0.015 0.18 5 70 2 1 35
26.84544997126841 0.015 0.18 5 90 2.5 1 70
23.650316346844193 0.015 0.19 5 10 0 3 215
25.11654512599489 0.015 0.19 5 25 2 1 110
24.473969841528287 0.015 0.19 5 45 1 1 130
25.2555075205928 0.015 0.19 5 65 2 1 50
25.498780275927857 0.015 0.19 5 85 4 1 85
24.427446807167144 0.015 0.2 5 5 1 5 262.5
24.86394028662471 0.015 0.2 5 25 1.5 2 90
23.945498973049325 0.015 0.2 5 45 1 1 110
25.26237824074542 0.015 0.2 5 65 2 1 80
26.05851000821417 0.015 0.2 5 85 2 1 55
27.218120186898574 0.015 0.2 5 100 3 1 160
23.94285066286102 0.015 0.21 5 20 0 2 105
25.778504230274848 0.015 0.21 5 40 2 1 40
24.916146944709908 0.015 0.21 5 60 2 1 25
25.366214164744633 0.015 0.21 5 80 2 1 60
26.439989362303947 0.015 0.21 5 100 4.5 1 40
24.95350687672544 0.015 0.22 5 15 2 4 492.5
24.509872338814603 0.015 0.22 5 35 1 1 155
24.679303436598275 0.015 0.22 5 55 1 1 70
25.855977654216645 0.015 0.22 5 75 2 1 130
27.006013874851305 0.015 0.22 5 95 5 1 50
24.99130107809799 0.015 0.23 5 15 2 2 107.5
24.67801730291103 0.015 0.23 5 30 1 1 110
25.312490705131495 0.015 0.23 5 50 2 1 70
26.70309289515376 0.015 0.23 5 70 2 1 50
27.073611201780068 0.015 0.23 5 90 4 1 70
24.03226268447179 0.015 0.24 5 10 1 4 150
24.9430787715537 0.015 0.24 5 30 1.5 1 70
25.36920271163899 0.015 0.24 5 50 1 1 200
25.298553880727923 0.015 0.24 5 70 2 1 65
27.073873485082903 0.015 0.24 5 90 3 1 50
25.027749604247674 0.015 0.25 5 5 2 4 295
24.692340704355956 0.015 0.25 5 25 2 1 90
25.227075272036018 0.015 0.25 5 45 2 1 107.5
26.59963856525974 0.015 0.25 5 65 2.5 1 60
25.524745771657138 0.015 0.25 5 85 6 1 60
24.219051013697026 0.015 0.26 5 5 2 5 350
24.109199599817657 0.015 0.26 5 25 1 1 95
25.437726216574447 0.015 0.26 5 45 2 1 90
25.574330906320967 0.015 0.26 5 65 2 1 72.5
26.577457893063638 0.015 0.26 5 85 4 1 40
25.84812456812506 0.015 0.26 5 100 4.5 1 40
26.061366116643057 0.015 0.27 5 20 0 4 270
25.085674497910077 0.015 0.27 5 40 1 1 75
26.077256798700546 0.015 0.27 5 60 2 1 120
26.673349945125267 0.015 0.27 5 80 3 1 60
26.720206286892193 0.015 0.27 5 95 6 1 50
24.665519768183003 0.015 0.28 5 15 1 3 335
24.807735400056117 0.015 0.28 5 35 1 1 117.5
25.50049803672664 0.015 0.28 5 55 2 1 62.5
25.930678409708094 0.015 0.28 5 75 3 1 65
26.367319973780695 0.015 0.28 5 95 3 1 30
24.55891042854637 0.015 0.29 5 15 1 3 220
23.238895509042777 0.015 0.29 5 35 0 1 110
26.3014576460846 0.015 0.29 5 55 2 1 132.5
26.237953138796 0.015 0.29 5 75 3 1 50
26.768737019130754 0.015 0.29 5 95 5 1 40
23.570722233132983 0.015 0.3 5 5 1 3 230
24.260220789416053 0.015 0.3 5 25 1 1 180
25.680686421924747 0.015 0.3 5 45 1 1 100
27.771845335038805 0.015 0.3 5 65 4 1 40
28.077126735604566 0.015 0.3 5 90 6.5 1 60
25.77181717206895 0.015 0.31 5 15 0.5 3 135
26.239038804202664 0.015 0.31 5 30 2 1 77.5
26.294508961569477 0.015 0.31 5 50 4.5 1 200
27.119581148730504 0.015 0.31 5 70 2 1 65
25.88698120384106 0.015 0.32 5 5 1 4 90
25.20542988035777 0.015 0.32 5 25 1 1 110
26.78185349044918 0.015 0.32 5 45 4 1 57.5
27.114328428259626 0.015 0.32 5 65 3 1 35
24.289274941595068 0.015 0.33 5 10 0 4 280
24.188171314570354 0.015 0.33 5 30 1 1 170
25.257501265178803 0.015 0.33 5 50 3 1 65
26.06091370937611 0.015 0.33 5 70 3 1 110
25.66883151921229 0.015 0.34 5 15 2 4 280
26.169539952272316 0.015 0.34 5 25 1 1 180
26.416443549010467 0.015 0.34 5 45 4 1 55
26.51387570203042 0.015 0.34 5 65 3 1 52.5
25.257656323598894 0.015 0.35 5 5 1 5 345
25.75280398538439 0.015 0.35 5 30 3 2 90
25.003085041316808 0.015 0.35 5 45 5 1 60
26.357792468343895 0.015 0.35 5 65 4 1 40
26.007526382803917 0.015 0.35 5 85 12 1 60
25.294061228927603 0.015 0.36 5 10 1.5 5 435
24.80241744380328 0.015 0.36 5 30 1 1 50
25.714337360645914 0.015 0.36 5 45 3 1 47.5
25.756265207247907 0.015 0.36 5 65 4 1 85
27.146352387620027 0.015 0.36 5 80 3 1 60
25.74337228058812 0.015 0.37 5 20 0.5 3 210
25.909354037248704 0.015 0.37 5 40 1.5 1 215
24.82478586607283 0.015 0.37 5 60 4 1 80
26.804721796615468 0.015 0.37 5 75 5 1 40
25.67836851976608 0.015 0.38 5 20 1 4 230
25.861196792160627 0.015 0.38 5 35 1 1 80
26.169181895382792 0.015 0.38 5 55 3 1 60
27.929381096904734 0.015 0.38 5 80 8 1 40
25.38087227340958 0.015 0.39 5 20 1 5 380
25.383867134638194 0.015 0.39 5 35 2 1 115
26.105489667168683 0.015 0.39 5 55 2 1 120
28.313671541587013 0.0123.864737818017602 0.015 0.01 5 20 1 4 120
24.945608209367492 0.015 0.01 5 25 1 5 100
24.621244338995893 0.015 0.01 5 45 1 2 255
23.41267681843601 0.015 0.01 5 65 1 1 30
24.608760438481113 0.015 0.01 5 95 1 1 125
23.771630094943248 0.015 0.02 5 10 0 4 215
24.60827652453736 0.015 0.02 5 35 1 3 130
22.87990038553835 0.015 0.02 5 55 1 2 235
23.928511201895162 0.015 0.02 5 65 1 1 75
23.82173475898162 0.015 0.02 5 80 1 1 220
24.46664110745769 0.015 0.03 5 5 1 4 275
23.732983984344173 0.015 0.03 5 30 0 1 140
24.411288982840233 0.015 0.03 5 50 1 2 160
24.97694405353468 0.015 0.03 5 70 1 3 92.5
24.21082373311947 0.015 0.03 5 85 1 2 105
24.127245361625683 0.015 0.04 5 5 0 2 37.5
23.99869498746557 0.015 0.04 5 25 1 4 365
24.22892207627592 0.015 0.04 5 45 1 2 215
24.852385381840577 0.015 0.04 5 65 1 1 265
24.19371593460164 0.015 0.04 5 80 1 1 70
23.591127474152017 0.015 0.05 5 5 1 5 545
24.395762343777278 0.015 0.05 5 25 1 3 215
23.796179939017748 0.015 0.05 5 45 0 1 90
23.42273603277863 0.015 0.05 5 65 1 3 130
24.64247758239344 0.015 0.05 5 85 1 1 50
23.792882571273367 0.015 0.06 5 5 1 4 327.5
22.98747893035761 0.015 0.06 5 25 1 1 115
23.610039309351123 0.015 0.06 5 45 1 1 160
24.335040440098965 0.015 0.06 5 60 1 1 80
24.742756181183267 0.015 0.06 5 80 1 1 50
23.987886217597406 0.015 0.06 5 100 2 1 150
24.698166609570762 0.015 0.07 5 20 1 3 0
24.163020254432922 0.015 0.07 5 40 1 4 102.5
25.033974179001348 0.015 0.07 5 60 1 1 70
24.87713087912016 0.015 0.07 5 80 2 1 100
25.004900453188384 0.015 0.07 5 95 1 1 110
23.79904851061474 0.015 0.08 5 15 0.5 3 255
24.127869942502002 0.015 0.08 5 35 1 2 150
24.10409482016985 0.015 0.08 5 55 1 1 165
24.171432082774118 0.015 0.08 5 75 1 1 160
25.58507672131782 0.015 0.08 5 95 1 1 57.5
24.587558331157197 0.015 0.09 5 15 1 4 285
24.00293582012091 0.015 0.09 5 35 1 1 185
24.93933373830623 0.015 0.09 5 50 0.5 1 140
24.54868146348599 0.015 0.09 5 70 1 1 70
25.240539373305865 0.015 0.09 5 90 2 1 110
24.28859461168122 0.015 0.1 5 10 1 5 650
25.046437525545116 0.015 0.1 5 30 1 2 230
23.283603822579607 0.015 0.1 5 50 1 1 90
25.19210736243258 0.015 0.1 5 70 1 1 30
24.902117204706883 0.015 0.1 5 90 1 1 130
24.286986226307818 0.015 0.11 5 10 0.5 4 100
24.17857374970481 0.015 0.11 5 25 1 2 95
25.025365350202264 0.015 0.11 5 45 1 1 182.5
24.845915111800423 0.015 0.11 5 65 2 1 80
25.637081356071576 0.015 0.11 5 85 2 1 115
22.550373855861835 0.015 0.12 5 5 1 1 142.5
24.162383476814284 0.015 0.12 5 25 1 3 210
24.349954209401403 0.015 0.12 5 45 1 1 125
25.885091047548485 0.015 0.12 5 65 1.5 1 75
24.04214151337419 0.015 0.12 5 80 1 1 70
25.62132942547396 0.015 0.12 5 100 2 1 60
23.440781996469013 0.015 0.13 5 20 1 2 200
25.660075689703262 0.015 0.13 5 40 2 2 120
25.57153934566304 0.015 0.13 5 60 1 1 60
24.761632687776 0.015 0.13 5 80 1 1 80
26.1530560905328 0.015 0.13 5 100 3 1 100
24.765762510578497 0.015 0.14 5 20 1 4 160
24.531813867371056 0.015 0.14 5 40 0 1 220
24.552471307593805 0.015 0.14 5 55 1 1 130
26.342459424060166 0.015 0.14 5 75 2 1 30
27.196279064954524 0.015 0.14 5 95 1 1 55
25.748136466410187 0.015 0.15 5 15 1 4 250
23.968351102725137 0.015 0.15 5 35 0 1 145
24.976585177805646 0.015 0.15 5 55 1 1 50
26.109354992680892 0.015 0.15 5 70 2 1 40
25.529620966172388 0.015 0.15 5 90 2 1 30
23.97377731918823 0.015 0.16 5 10 1 4 155
24.13381836807821 0.015 0.16 5 30 1 1 125
25.94179071778308 0.015 0.16 5 50 1 1 80
25.161800730815457 0.015 0.16 5 70 2 1 30
26.42659725497515 0.015 0.16 5 90 3 1 90
24.440461270902233 0.015 0.17 5 10 0 3 195
25.505427672302176 0.015 0.17 5 25 1 1 120
25.931840904187993 0.015 0.17 5 45 1 1 60
25.586397500988824 0.015 0.17 5 65 3 1 60
25.980290044266894 0.015 0.17 5 85 3 1 65
24.551219084649347 0.015 0.18 5 5 1 4 260
24.270847018779023 0.015 0.18 5 25 1 3 242.5
24.29784555898368 0.015 0.18 5 45 1 1 105
25.311986923283257 0.015 0.18 5 65 1 1 90
23.91931545010084 0.015 0.18 5 80 2.5 1 60
27.066174326438812 0.015 0.18 5 100 2 1 80
24.92993581474707 0.015 0.19 5 20 1 2 85
25.34464296164515 0.015 0.19 5 40 1 1 90
26.35194938172745 0.015 0.19 5 60 2 1 105
25.861016586812184 0.015 0.19 5 80 2 1 80
26.046524439514855 0.015 0.19 5 100 2 1 70
24.674616070697084 0.015 0.2 5 15 1 4 385
24.00959944241913 0.015 0.2 5 35 1 1 77.5
25.659413123585182 0.015 0.2 5 55 1 1 40
25.093082444991524 0.015 0.2 5 75 2 1 77.5
26.390326635932524 0.015 0.2 5 95 1.5 1 70
23.233593731594738 0.015 0.21 5 10 1 3 180
25.26202504219509 0.015 0.21 5 25 1 3 150
25.56770214826429 0.015 0.21 5 45 1 1 80
25.03715292841207 0.015 0.21 5 65 2 1 75
27.454839652542887 0.015 0.21 5 85 2 1 37.5
24.317337777785724 0.015 0.22 5 10 1 4 240
25.160655566114656 0.015 0.22 5 30 1 1 85
24.48208308179835 0.015 0.22 5 50 1 1 165
24.770763354041264 0.015 0.22 5 65 2.5 1 45
28.192562656183497 0.015 0.22 5 85 4 1 80
25.674522961693583 0.015 0.22 5 100 5 1 50
23.541401606053114 0.015 0.23 5 20 1 1 105
24.342174320378035 0.015 0.23 5 40 1 1 150
26.1618296604978 0.015 0.23 5 60 2 1 40
26.362709128077483 0.015 0.23 5 80 2 1 80
26.470796537947308 0.015 0.23 5 100 3 1 60
24.24101692676777 0.015 0.24 5 15 1 1 170
24.92747830983899 0.015 0.24 5 35 1 1 142.5
24.594019367173132 0.015 0.24 5 55 2 1 37.5
27.15341494089529 0.015 0.24 5 75 3 1 50
27.077338602718328 0.015 0.24 5 95 4 1 110
24.822467720168788 0.015 0.25 5 15 1 5 495
25.127274198479427 0.015 0.25 5 35 1 1 185
25.489836444163302 0.015 0.25 5 50 2 1 125
25.188749282984645 0.015 0.25 5 70 3 1 40
28.667170841215146 0.015 0.25 5 90 5 1 60
23.51902112019161 0.015 0.26 5 10 1 1 100
23.58754755434711 0.015 0.26 5 30 1.5 1 120
25.725945127127943 0.015 0.26 5 50 2 1 110
24.911059099796375 0.015 0.26 5 70 2 1 30
26.321998403274556 0.015 0.26 5 90 6 1 75
25.170086665078998 0.015 0.27 5 5 2 5 385
25.3161921493529 0.015 0.27 5 25 1 1 95
24.645620046299882 0.015 0.27 5 45 2 1 100
25.00459790556556 0.015 0.27 5 65 3 1 95
28.30868440991484 0.015 0.27 5 85 4 1 50
25.193051014382945 0.015 0.28 5 5 1 4 535
24.210473404298682 0.015 0.28 5 25 1 2 185
25.04360800863651 0.015 0.28 5 45 2.5 1 85
25.961026945701178 0.015 0.28 5 65 4 1 60
26.5502543382687 0.015 0.28 5 80 3 1 60
24.073520189214832 0.015 0.29 5 10 2 5 347.5
25.162116110746865 0.015 0.29 5 30 1.5 1 150
24.870315192394628 0.015 0.29 5 45 2 1 35
25.79751030445783 0.015 0.29 5 65 3.5 1 95
27.77443403950653 0.015 0.29 5 80 3 1 55
24.07375957703607 0.015 0.3 5 20 2 3 202.5
26.14355510315545 0.015 0.3 5 40 2 1 110
26.761749291450172 0.015 0.3 5 55 3 1 42.5
26.36529134625107 0.015 0.3 5 75 4 1 100
27.145849750180503 0.015 0.3 5 100 5 1 40
24.022545879703102 0.015 0.31 5 20 2 4 245
25.039712713593417 0.015 0.31 5 40 1 1 210
25.64121265011738 0.015 0.31 5 55 1 1 160
25.401799053838545 0.015 0.31 5 75 3 1 40
24.58702641113996 0.015 0.32 5 15 1 3 155
25.79251083539657 0.015 0.32 5 35 1.5 1 132.5
26.218761104106306 0.015 0.32 5 50 2 1 120
26.408508904112566 0.015 0.32 5 70 3 1 45
24.472381133658928 0.015 0.33 5 5 1 4 210
25.200224133353913 0.015 0.33 5 25 1.5 2 112.5
25.50317499403627 0.015 0.33 5 45 2 1 70
27.13237718065193 0.015 0.33 5 65 2 1 60
27.125585162627637 0.015 0.33 5 80 3 1 50
23.737577106279787 0.015 0.34 5 20 1 1 85
25.026099521557626 0.015 0.34 5 40 1 1 210
25.08054425308501 0.015 0.34 5 60 5 1 45
29.116125395867 0.015 0.34 5 75 3 1 55
24.364616078951144 0.015 0.35 5 10 1 2 175
25.076135890117712 0.015 0.35 5 25 1 1 140
26.330525927833378 0.015 0.35 5 50 4 1 60
27.299038471749043 0.015 0.35 5 75 5 1 70
24.205963227897882 0.015 0.36 5 5 0 4 635
25.763713831071982 0.015 0.36 5 25 1 1 105
26.140706378042523 0.015 0.36 5 50 2 1 50
26.755544447563807 0.015 0.36 5 70 4 1 35
25.23475068416883 0.015 0.37 5 5 2 5 155
24.819043552008225 0.015 0.37 5 25 2 2 120
26.072636863765638 0.015 0.37 5 45 3 1 70
26.65205734142728 0.015 0.37 5 65 3.5 1 75
24.90786520318761 0.015 0.38 5 10 1 4 252.5
25.637689885290456 0.015 0.38 5 30 2 1 80
26.360995114698085 0.015 0.38 5 50 3 1 100
28.307844143283702 0.015 0.38 5 65 6 1 40
24.91494169387454 0.015 0.39 5 15 1 4 210
26.338630924192216 0.015 0.39 5 30 1 1 95
25.504599087864335 0.015 0.39 5 50 3 1 60
26.51907143579382 0.015 0.39 5 70 6 1 75
24.60540223094722 0.015 0.4 5 20 1 3 190
25.192925292072687 0.015 0.4 5 30 2 1 100
26.9377054829302523.118009922560304 0.015 0.01 5 10 0 5 360
24.68895354808774 0.015 0.01 5 35 1 2 267.5
23.252009966381593 0.015 0.01 5 55 1 1 75
24.723686655889537 0.015 0.01 5 75 1 1 147.5
24.867006175787537 0.015 0.01 5 85 1 1 155
24.567476390919182 0.015 0.02 5 5 0 4 425
23.971018027077662 0.015 0.02 5 25 0 2 70
23.34065572632244 0.015 0.02 5 50 1 1 182.5
23.272173263823788 0.015 0.02 5 75 1 1 177.5
24.66728473481635 0.015 0.02 5 85 1 1 40
24.492886225481925 0.015 0.02 5 100 1.5 1 35
23.61086607866673 0.015 0.03 5 20 0.5 3 245
23.62576819678361 0.015 0.03 5 40 1 1 102.5
24.554350812803023 0.015 0.03 5 60 1 3 100
24.248780375055503 0.015 0.03 5 80 1.5 1 50
24.79727961931212 0.015 0.03 5 95 1 1 55
24.157876139332075 0.015 0.04 5 15 1 1 85
24.324326885494884 0.015 0.04 5 35 1 3 185
24.77764800026489 0.015 0.04 5 55 0 2 165
23.96136524724716 0.015 0.04 5 75 1 3 125
24.439916299217657 0.015 0.04 5 95 1 1 130
23.385046278097434 0.015 0.05 5 15 0 4 350
24.44164889183594 0.015 0.05 5 30 1 3 142.5
25.112923512148882 0.015 0.05 5 50 1 1 37.5
24.85742027969536 0.015 0.05 5 70 1 1 45
25.269729016446945 0.015 0.05 5 90 0.5 1 60
23.84811384161003 0.015 0.06 5 10 0.5 5 347.5
24.419594845518077 0.015 0.06 5 30 1 2 150
24.569156621299044 0.015 0.06 5 50 1 2 112.5
25.086439991326188 0.015 0.06 5 70 1 1 135
25.137371024883123 0.015 0.06 5 90 1.5 1 45
23.68353002134245 0.015 0.07 5 10 1 4 195
23.99839697688003 0.015 0.07 5 25 1 2 262.5
24.275110613089055 0.015 0.07 5 45 1 2 182.5
25.140323041574447 0.015 0.07 5 65 1 1 55
24.625195175913177 0.015 0.07 5 85 1 1 45
23.681124981318135 0.015 0.08 5 5 0 2 135
24.203984293257236 0.015 0.08 5 25 1 2 97.5
23.991659170991625 0.015 0.08 5 50 1 1 100
25.432769604987698 0.015 0.08 5 70 1 1 72.5
24.876946365686308 0.015 0.08 5 90 2 1 50
24.149772817254416 0.015 0.09 5 5 1 1 190
24.089244706527097 0.015 0.09 5 25 1 3 172.5
25.18508250422792 0.015 0.09 5 45 2 3 107.5
25.07059837536508 0.015 0.09 5 65 1 1 112.5
26.14937192056368 0.015 0.09 5 85 2 1 62.5
23.764199806726538 0.015 0.1 5 5 0 4 422.5
24.163573288366024 0.015 0.1 5 25 1 2 35
24.35243334581901 0.015 0.1 5 45 1 1 145
25.615977833347642 0.015 0.1 5 65 1.5 1 60
25.40414972806775 0.015 0.1 5 80 2 1 40
25.208605687642375 0.015 0.1 5 100 2 1 30
23.384437168380828 0.015 0.11 5 20 1 2 180
24.90375729797813 0.015 0.11 5 40 2 2 115
24.10904859774837 0.015 0.11 5 60 1 1 20
24.93389973846115 0.015 0.11 5 80 2.5 1 47.5
24.959030056736083 0.015 0.11 5 100 1 1 140
24.63962935844029 0.015 0.12 5 15 1 4 310
23.918466795934364 0.015 0.12 5 35 1 2 205
24.722799370530993 0.015 0.12 5 55 1.5 1 80
25.30859393718083 0.015 0.12 5 75 1 1 80
25.103688607924596 0.015 0.12 5 95 2 1 40
23.566152290586615 0.015 0.13 5 15 0 2 307.5
24.361833979426592 0.015 0.13 5 35 0 1 90
24.11234206316294 0.015 0.13 5 50 1 1 150
24.188067358729313 0.015 0.13 5 70 1 1 220
25.639619437111378 0.015 0.13 5 90 2 1 55
25.042910398382446 0.015 0.14 5 10 1 4 140
24.894893594955647 0.015 0.14 5 30 1 2 165
24.982015143505123 0.015 0.14 5 50 1 1 105
25.690074030615506 0.015 0.14 5 70 2 1 60
25.155015928234207 0.015 0.14 5 90 2 1 80
25.12450084399461 0.015 0.15 5 10 1 4 345
25.323894106346415 0.015 0.15 5 30 1 3 220
24.704792773132795 0.015 0.15 5 45 1 1 170
24.422429154663405 0.015 0.15 5 65 1 1 200
26.51891928232817 0.015 0.15 5 85 3 1 55
23.785990932490677 0.015 0.16 5 5 1 3 230
24.587234948703554 0.015 0.16 5 25 1 1 30
24.85431058629183 0.015 0.16 5 45 1 1 110
25.392645248546614 0.015 0.16 5 65 1 1 130
24.649300122400746 0.015 0.16 5 85 2 1 50
25.26301443802913 0.015 0.16 5 100 2 1 70
24.706410156592028 0.015 0.17 5 20 1 3 197.5
24.345966439053882 0.015 0.17 5 40 1 1 160
25.405145988203003 0.015 0.17 5 60 1 1 10
25.18918172677877 0.015 0.17 5 80 1 1 60
26.154863439829683 0.015 0.17 5 100 3 1 60
24.56561116021112 0.015 0.18 5 20 1 4.5 280
24.06880255161741 0.015 0.18 5 35 1 1 90
25.1222020945886 0.015 0.18 5 55 1 1 60
25.359362752920333 0.015 0.18 5 75 4 1 47.5
25.75592604044141 0.015 0.18 5 95 3 1 85
25.01244187224688 0.015 0.19 5 15 1 4 465
24.778378292989714 0.015 0.19 5 35 1 1 185
24.551705804333324 0.015 0.19 5 55 2.5 1 90
25.91201299167369 0.015 0.19 5 70 1.5 1 135
26.05840430263561 0.015 0.19 5 90 3 1 80
23.497512466579792 0.015 0.2 5 10 0 4 415
24.444336397049483 0.015 0.2 5 30 1 1 150
25.039169259986693 0.015 0.2 5 50 2 1 190
25.848213433731644 0.015 0.2 5 70 2 1 75
25.535594264412794 0.015 0.2 5 90 2 1 40
24.393090552031936 0.015 0.21 5 15 1 3 415
24.699552231424605 0.015 0.21 5 30 1 2 150
24.457224030880752 0.015 0.21 5 50 1 1 50
25.841952507434485 0.015 0.21 5 70 1.5 1 55
26.70770771497564 0.015 0.21 5 90 4 1 65
24.69460070997593 0.015 0.22 5 5 0 3 150
25.20395263505725 0.015 0.22 5 25 1.5 2 112.5
24.512858539412264 0.015 0.22 5 45 2 1 227.5
25.099149784520478 0.015 0.22 5 70 3 1 30
25.72826942084066 0.015 0.22 5 90 3 1 50
24.948822647719 0.015 0.23 5 5 1 2 327.5
24.275380105538716 0.015 0.23 5 25 1.5 1 70
24.65691227461764 0.015 0.23 5 45 2 1 210
26.426991370928278 0.015 0.23 5 65 2 1 60
26.831053639133188 0.015 0.23 5 85 4 1 50
23.978311613667756 0.015 0.24 5 5 1 1 135
25.164016339692807 0.015 0.24 5 25 1 2 305
25.15750163453322 0.015 0.24 5 45 1 1 55
26.43770203389431 0.015 0.24 5 65 3 1 60
25.738717825595813 0.015 0.24 5 80 1 1 60
27.321335998703034 0.015 0.24 5 100 3 1 80
25.174380288850443 0.015 0.25 5 20 1 4 170
24.971012297228583 0.015 0.25 5 40 1 1 105
26.925979475882286 0.015 0.25 5 60 2 1 125
25.766317242187142 0.015 0.25 5 80 1 1 60
25.943220323155458 0.015 0.25 5 100 5 1 40
26.331561063553636 0.015 0.26 5 20 1 5 460
24.73468110005706 0.015 0.26 5 35 1 1 77.5
24.783959797054194 0.015 0.26 5 55 4 1 65
26.17057028319323 0.015 0.26 5 75 3 1 65
26.45246578992402 0.015 0.26 5 95 5 1 40
23.01261649496155 0.015 0.27 5 15 1 2 85
25.992274629269104 0.015 0.27 5 35 1 1 175
25.27936415432987 0.015 0.27 5 50 2.5 1 50
25.85277668715389 0.015 0.27 5 70 2 1 45
25.34200696551534 0.015 0.27 5 90 3 1 50
25.769311713349452 0.015 0.28 5 10 1 4 265
26.219183425218944 0.015 0.28 5 30 1 1 70
25.356860316664097 0.015 0.28 5 50 3 1 150
25.26133691404948 0.015 0.28 5 70 3 1 85
27.171273673822384 0.015 0.28 5 90 4 1 50
24.794783912904677 0.015 0.29 5 5 1.5 3 110
24.725692309293663 0.015 0.29 5 25 1 1 115
25.435180302338267 0.015 0.29 5 50 2 1 70
24.270803239382076 0.015 0.29 5 70 3 1 90
26.04132628883235 0.015 0.29 5 100 11 1 55
23.993770787259564 0.015 0.3 5 15 2 4 330
24.595848050699075 0.015 0.3 5 30 3 1 140
25.82806176150828 0.015 0.3 5 50 2 1 125
27.604450188454393 0.015 0.3 5 70 2 1 80
25.513273773351784 0.015 0.31 5 5 1 3 360
24.379695885472756 0.015 0.31 5 25 0 2 245
25.738460122314194 0.015 0.31 5 45 2 1 50
26.207546666582743 0.015 0.31 5 65 1.5 1 80
23.737902653396304 0.015 0.32 5 10 1 3 180
24.293521853745915 0.015 0.32 5 30 1 1 160
26.10612649360337 0.015 0.32 5 55 1.5 1 50
28.119103414788846 0.015 0.32 5 75 3 1 35
24.809604230493733 0.015 0.33 5 15 1 3 290
25.100425239234937 0.015 0.33 5 35 1 1 122.5
27.085491824570227 0.015 0.33 5 55 2 1 75
25.572115732383693 0.015 0.33 5 75 4 1 40
24.504001953933766 0.015 0.34 5 10 1 4 550
25.413273856592753 0.015 0.34 5 30 1 1 90
25.50481114704155 0.015 0.34 5 50 2 1 110
25.72680442251294 0.015 0.34 5 70 3 1 30
24.394590476624217 0.015 0.35 5 15 2 3 267.5
25.334551314857336 0.015 0.35 5 35 2 1 215
27.644369441195295 0.015 0.35 5 55 3 1 55
27.80304649257689 0.015 0.35 5 70 5 1 80
24.254969159213942 0.015 0.36 5 15 1 4 217.5
25.060899891008717 0.015 0.36 5 35 2 1 102.5
26.862626256675853 0.015 0.36 5 55 3 1 45
26.82270590340714 0.015 0.36 5 75 5 1 42.5
25.248690067062853 0.015 0.37 5 10 1 3 110
25.98590096848511 0.015 0.37 5 30 2 1 120
25.42839660993809 0.015 0.37 5 50 2 1 65
28.40666476585278 0.015 0.37 5 70 9 1 40
24.9255034232483 0.015 0.38 5 5 1 4 257.5
26.062345878695396 0.015 0.38 5 25 2 1 80
25.81988473853471 0.015 0.38 5 45 1.5 1 130
26.18511933323822 0.015 0.38 5 70 5 1 50
24.914317419159715 0.015 0.39 5 5 1 2 90
24.682677345014554 0.015 0.39 5 25 1.5 1 62.5
26.83423111754442 0.015 0.39 5 45 3 1 40
27.37040474773984 0.015 0.39 5 75 5 1 40
24.75366534286877 0.015 0.4 5 15 2 4 247.5
24.355175815078837 0.015 0.4 5 35 2.5 1 172.5
26.871533113241412 0.015 0.4 5 55 3 1 90
28.077263623.65906498534605 0.015 0.01 5 5 1 4 300
25.000947169726714 0.015 0.01 5 40 1 3 235
24.423117274996912 0.015 0.01 5 60 1 1 150
24.155839414685033 0.015 0.01 5 80 1 2 102.5
23.43874993850477 0.015 0.01 5 100 1 2 260
23.84193384833634 0.015 0.02 5 20 1 3 225
24.06915794723318 0.015 0.02 5 40 1 3 282.5
23.88321680983063 0.015 0.02 5 60 1 3 135
25.137263350794456 0.015 0.02 5 95 1 1 20
24.036599580795155 0.015 0.03 5 15 1 5 425
24.28171704817214 0.015 0.03 5 35 0.5 1 180
24.50504477670256 0.015 0.03 5 55 1 1 170
23.86783772567287 0.015 0.03 5 75 1 1 85
24.541865133350257 0.015 0.03 5 100 1 1 105
24.47399842966115 0.015 0.04 5 20 0 2 120
23.867102743792202 0.015 0.04 5 40 1 4 280
26.539914678436617 0.015 0.04 5 70 1 1 70
24.3883105852874 0.015 0.04 5 90 1 1 25
24.125254657963524 0.015 0.05 5 10 1 4 252.5
24.254237878951244 0.015 0.05 5 35 1 4 285
24.87988250876515 0.015 0.05 5 55 1 2 85
24.579732406738913 0.015 0.05 5 75 1 2 135
24.850831984891556 0.015 0.05 5 100 1 1 50
24.243687296107964 0.015 0.06 5 20 1 3 140
24.914641734905672 0.015 0.06 5 40 1 1 125
24.97607789218455 0.015 0.06 5 65 1.5 1 110
25.159093157983307 0.015 0.06 5 85 1 1 70
23.934476213908056 0.015 0.07 5 5 0 5 0
24.289721765424474 0.015 0.07 5 35 1 2 140
23.438434586816584 0.015 0.07 5 55 1 1 230
24.344684568117373 0.015 0.07 5 75 1 1 150
23.55208297404897 0.015 0.07 5 100 1 1 90
24.765428539642016 0.015 0.08 5 20 1 1 217.5
24.95499715323149 0.015 0.08 5 40 1 1 50
22.973160985362483 0.015 0.08 5 60 1 1 77.5
24.944503099584836 0.015 0.08 5 85 2 1 97.5
24.093827138422057 0.015 0.09 5 10 1 3 180
24.608159230905585 0.015 0.09 5 30 1 4 300
24.476105382087553 0.015 0.09 5 55 1 1 60
24.33575723823742 0.015 0.09 5 75 1 1 127.5
24.852423672193254 0.015 0.09 5 95 2 1 45
23.677565210149623 0.015 0.1 5 20 1 2 90
25.19765792771068 0.015 0.1 5 40 1 1 100
25.044088238126392 0.015 0.1 5 60 1 1 130
24.903897985812364 0.015 0.1 5 85 2 1 120
24.196326668890833 0.015 0.11 5 5 1 6 460
24.875697706112987 0.015 0.11 5 30 1 2 197.5
25.51714278698637 0.015 0.11 5 55 1 1 50
25.279363597248448 0.015 0.11 5 75 1 1 42.5
25.94490656442565 0.015 0.11 5 95 2.5 1 62.5
23.633722002035938 0.015 0.12 5 20 1 2 220
24.4896466636892 0.015 0.12 5 40 0 1 100
24.632350983447395 0.015 0.12 5 60 1 1 135
25.783614807496633 0.015 0.12 5 85 1 1 115
24.691625175633817 0.015 0.13 5 10 1 3 220
24.703912402590504 0.015 0.13 5 30 1 2 160
24.03286913062402 0.015 0.13 5 55 1 1 100
24.808214858498104 0.015 0.13 5 75 1 1 95
25.002078722127408 0.015 0.13 5 95 3 1 72.5
24.22822981090576 0.015 0.14 5 15 0 3 235
25.448891462782868 0.015 0.14 5 35 1 1 82.5
23.722233753011096 0.015 0.14 5 60 1.5 1 120
25.42919010823607 0.015 0.14 5 80 1 1 190
24.00060365074387 0.015 0.15 5 5 2 3 235
25.071717103244964 0.015 0.15 5 25 1 3 380
25.33072199687166 0.015 0.15 5 50 2 1 40
25.584685634607013 0.015 0.15 5 75 1.5 1 97.5
25.7223769303759 0.015 0.15 5 95 2 1 40
22.72814009548165 0.015 0.16 5 20 1 3 195
24.456441551174066 0.015 0.16 5 40 1 1 70
25.440084867785117 0.015 0.16 5 60 1 1 40
25.862863171710643 0.015 0.16 5 80 1 1 75
23.99963339982787 0.015 0.17 5 5 1 2 92.5
24.47770599982323 0.015 0.17 5 30 1 1 220
24.566734303629346 0.015 0.17 5 50 2 1 70
25.436541333740024 0.015 0.17 5 75 2 1 50
25.963903547576336 0.015 0.17 5 95 2 1 40
23.65764689244679 0.015 0.18 5 15 0.5 2 150
25.336427286344588 0.015 0.18 5 40 1 1 190
26.65983107101647 0.015 0.18 5 60 2 1 60
25.580863784716712 0.015 0.18 5 85 2 1 60
24.734370350462996 0.015 0.19 5 5 1 3.5 147.5
24.730284549452335 0.015 0.19 5 30 1 1 210
25.21896504524375 0.015 0.19 5 50 1 1 90
26.073294552899043 0.015 0.19 5 75 2 1 80
26.223098582857773 0.015 0.19 5 95 2.5 1 80
23.360208408499602 0.015 0.2 5 20 1 3 340
25.368388595873512 0.015 0.2 5 40 1 1 60
24.643434937865095 0.015 0.2 5 60 1 1 250
27.66581526853753 0.015 0.2 5 80 1.5 1 70
23.962437382790085 0.015 0.21 5 5 1 4 407.5
24.835624695155275 0.015 0.21 5 35 1 1 130
25.61983370815142 0.015 0.21 5 55 2 1 115
24.907809872191137 0.015 0.21 5 75 2.5 1 80
27.314028774372503 0.015 0.21 5 95 4 1 50
23.79557354710414 0.015 0.22 5 20 1 5 287.5
24.37160225021944 0.015 0.22 5 40 1 1 80
24.609372311313564 0.015 0.22 5 60 2 1 45
26.196254354901157 0.015 0.22 5 80 3 1 40
25.368337730065832 0.015 0.23 5 10 0 5 245
24.362615891208407 0.015 0.23 5 35 1 1 142.5
26.11470901622738 0.015 0.23 5 55 1 1 90
26.725512266165197 0.015 0.23 5 75 3 1 42.5
26.76139270011481 0.015 0.23 5 95 4 1 40
24.418817103854963 0.015 0.24 5 20 1 3 220
25.596668886848875 0.015 0.24 5 40 1 1 180
26.3808571967092 0.015 0.24 5 60 2 1 100
25.73399394607975 0.015 0.24 5 85 2 1 35
24.67514096618561 0.015 0.25 5 10 1 6 375
24.997042937219533 0.015 0.25 5 30 1 1 115
25.545759386504415 0.015 0.25 5 55 2 1 85
26.86996643282123 0.015 0.25 5 75 2.5 1 62.5
26.45250374196047 0.015 0.25 5 95 3.5 1 60
24.348699341193424 0.015 0.26 5 15 1 4 350
24.888512255301976 0.015 0.26 5 40 1 1 135
26.240524646036533 0.015 0.26 5 60 1 1 80
27.593210620174354 0.015 0.26 5 80 2 1 80
23.362658687023213 0.015 0.27 5 10 1 3 245
24.0643771050527 0.015 0.27 5 30 1 1 115
25.947865310285124 0.015 0.27 5 55 2 1 140
26.20877117724899 0.015 0.27 5 75 3 1 35
26.27666684873728 0.015 0.27 5 100 5 1 100
24.707053126287974 0.015 0.28 5 20 1 2 85
25.16458667840834 0.015 0.28 5 40 1 1 120
25.634130458533036 0.015 0.28 5 60 2 1 90
27.538118419731518 0.015 0.28 5 85 4 1 50
28.89608642701478 0.015 0.28 5 100 6 1 35
25.278333954592085 0.015 0.29 5 20 1 2 127.5
24.516552808665438 0.015 0.29 5 40 1 1 80
25.194740210361488 0.015 0.29 5 60 3 1 60
25.754531611979473 0.015 0.29 5 90 6 1 60
25.411559939209837 0.015 0.3 5 10 1 1 200
24.208392462904158 0.015 0.3 5 35 1 1 125
25.95492835224286 0.015 0.3 5 60 3 1 70
27.323400143179903 0.015 0.3 5 80 2 1 60
24.719477037621346 0.015 0.31 5 10 1 5 310
24.184386479115346 0.015 0.31 5 35 2 1 85
25.661553849205575 0.015 0.31 5 60 2 1 70
27.302552361564533 0.015 0.31 5 80 3 1 40
24.46187921912633 0.015 0.32 5 20 1 4 477.5
26.016750822327595 0.015 0.32 5 40 1 1 40
27.367405298750057 0.015 0.32 5 60 2 1 60
26.754952638906843 0.015 0.32 5 80 5.5 1 60
23.8577022493846 0.015 0.33 5 20 2 1 90
25.40099222940262 0.015 0.33 5 40 1 1 75
25.897265685123386 0.015 0.33 5 60 3 1 40
25.886719414556865 0.015 0.34 5 5 1 4 152.5
24.944226683699526 0.015 0.34 5 35 1 1 115
25.17473271007475 0.015 0.34 5 55 2.5 1 60
27.45508195281959 0.015 0.34 5 80 5 1 40
24.58819975226652 0.015 0.35 5 20 1 3 72.5
24.592290810284794 0.015 0.35 5 40 2 1 160
26.62346128910016 0.015 0.35 5 60 2 1 155
26.9238070753795 0.015 0.35 5 80 4 1 40
25.5161634437153 0.015 0.36 5 20 1 4 205
24.52499215100761 0.015 0.36 5 40 1 1 190
26.904124675514424 0.015 0.36 5 60 3 1 60
25.973949627145146 0.015 0.37 5 15 0 4 225
24.73056997130061 0.015 0.37 5 35 2 1 110
25.269428920386076 0.015 0.37 5 55 3 1 60
26.00674750055623 0.015 0.38 5 15 1 4 692.5
25.29328227010774 0.015 0.38 5 40 2 1 90
26.889779680750507 0.015 0.38 5 60 2 1 25
24.291633241344243 0.015 0.39 5 10 2 3 120
25.198256751313238 0.015 0.39 5 40 2 1 120
26.036342017842784 0.015 0.39 5 60 2 1 75
25.884115570820995 0.015 0.4 5 10 1 5 200
24.280874445978498 0.015 0.4 5 40 2 1 120
25.760639977345136 0.015 0.4 5 60 5.5 1 60
24.206656045930686 0.015 0.41 5 15 1 2 140
25.843204514032095 0.015 0.41 5 40 2 1 120
26.359385008403706 0.015 0.41 5 60 2 1 110
25.249637384564267 0.015 0.42 5 15 1 2 142.5
26.46205535840636 0.015 0.42 5 35 0.5 1 80
26.86596313742598 0.015 0.42 5 60 3 1 50
24.754586959599692 0.015 0.43 5 15 2 2 105
25.02594138487936 0.015 0.43 5 40 2 1 100
26.578467897689166 0.015 0.43 5 60 3 1 60
25.212457353942227 0.015 0.44 5 10 1.5 4 150
25.45294419903803 0.015 0.44 5 40 1 1 100
27.288192528940257 0.015 0.44 5 60 3 1 75
24.972780427139696 0.015 0.45 5 10 1.5 3 192.5
24.800023526204313 0.015 0.45 5 40 2 1 120
26.594769914085646 0.015 0.45 5 60 5 1 80
25.40765476469096 0.015 0.46 5 15 1 4 535
25.176184017640026 0.015 0.46 5 40 2 1 110
27.517263977646934 0.015 0.46 5 60 4 1 80
25.903571777801062 0.015 0.47 5 20 2 1 55
26.477796059029885 0.015 0.47 5 40 2 1 140
25.489373432766342 0.015 0.47 5 60 3 1 60
25.64632746926145 0.015 0.48 5 20 1 3 95
25.78341605039168 0.015 0.48 5 40 1 1 30
26.5793445645877 0.015 0.48 5 6